14876 14883 0.00333215 0.0103302
14876 14883 0.00333215 0.0269966
14876 14883 0.00333215 0.043663
14876 14883 0.00333215 0.0603294
14875 14883 0.00333215 0.0769958
14875 14883 0.00333215 0.0936623
14874 14883 0.00333215 0.110329
14874 14883 0.00333215 0.126995
14873 14883 0.00333215 0.143661
14873 14883 0.00333215 0.160328
14873 14883 0.00333215 0.176994
14873 14883 0.00333215 0.193661
14873 14883 0.00333215 0.210327
14873 14883 0.00333215 0.226994
14873 14883 0.00333215 0.24366
14872 14883 0.00333215 0.260326
14872 14883 0.00333215 0.276993
14870 14883 0.00333215 0.293659
14870 14883 0.00333215 0.310326
14870 14883 0.00333215 0.326992
14870 14883 0.00333215 0.343658
14870 14883 0.00333215 0.360325
14870 14883 0.00333215 0.376991
14869 14883 0.00333215 0.393658
14869 14883 0.00333215 0.410324
14869 14883 0.00333215 0.426991
14869 14883 0.00333215 0.443657
14869 14883 0.00333215 0.460323
14869 14883 0.00333215 0.47699
14868 14883 0.00333215 0.493656
14868 14883 0.00333215 0.510323
14868 14883 0.00333215 0.526989
14867 14883 0.00333215 0.543655
14864 14883 0.00333215 0.560322
14864 14883 0.00333215 0.576988
14864 14883 0.00333215 0.593655
14864 14883 0.00333215 0.610321
14864 14883 0.00333215 0.626987
14864 14883 0.00333215 0.643654
14862 14883 0.00333215 0.66032
14862 14883 0.00333215 0.676987
14861 14883 0.00333215 0.693653
14861 14883 0.00333215 0.71032
14861 14883 0.00333215 0.726986
14861 14883 0.00333215 0.743652
14861 14883 0.00333215 0.760319
14861 14883 0.00333215 0.776985
14860 14883 0.00333215 0.793652
14860 14883 0.00333215 0.810318
14860 14883 0.00333215 0.826984
14860 14883 0.00333215 0.843651
14860 14883 0.00333215 0.860317
14860 14883 0.00333215 0.876984
14860 14883 0.00333215 0.89365
14860 14883 0.00333215 0.910316
14859 14883 0.00333215 0.926983
14859 14883 0.00333215 0.943649
14859 14883 0.00333215 0.960316
14859 14883 0.00333215 0.976982
14859 14883 0.00333215 0.993649
14859 14883 0.00333215 1.01031
14859 14883 0.00333215 1.02698
14859 14883 0.00333215 1.04365
14859 14883 0.00333215 1.06031
14859 14883 0.00333215 1.07698
14859 14883 0.00333215 1.09365
14859 14883 0.00333215 1.11031
14859 14883 0.00333215 1.12698
14858 14883 0.00333215 1.14365
14858 14883 0.00333215 1.16031
14858 14883 0.00333215 1.17698
14858 14883 0.00333215 1.19365
14858 14883 0.00333215 1.21031
14857 14883 0.00333215 1.22698
14857 14883 0.00333215 1.24364
14857 14883 0.00333215 1.26031
14857 14883 0.00333215 1.27698
14856 14883 0.00333215 1.29364
14855 14883 0.00333215 1.31031
14855 14883 0.00333215 1.32698
14855 14883 0.00333215 1.34364
14855 14883 0.00333215 1.36031
14855 14883 0.00333215 1.37698
14854 14883 0.00333215 1.39364
14854 14883 0.00333215 1.41031
14853 14883 0.00333215 1.42698
14853 14883 0.00333215 1.44364
14853 14883 0.00333215 1.46031
14852 14883 0.00333215 1.47697
14852 14883 0.00333215 1.49364
14852 14883 0.00333215 1.51031
14852 14883 0.00333215 1.52697
14852 14883 0.00333215 1.54364
14852 14883 0.00333215 1.56031
14851 14883 0.00333215 1.57697
14851 14883 0.00333215 1.59364
14851 14883 0.00333215 1.61031
14851 14883 0.00333215 1.62697
14851 14883 0.00333215 1.64364
14851 14883 0.00333215 1.66031
14851 14883 0.00333215 1.67697
14849 14883 0.00333215 1.69364
14849 14883 0.00333215 1.7103
14849 14883 0.00333215 1.72697
14849 14883 0.00333215 1.74364
14849 14883 0.00333215 1.7603
14849 14883 0.00333215 1.77697
14849 14883 0.00333215 1.79364
14849 14883 0.00333215 1.8103
14849 14883 0.00333215 1.82697
14849 14883 0.00333215 1.84364
14849 14883 0.00333215 1.8603
14849 14883 0.00333215 1.87697
14849 14883 0.00333215 1.89363
14849 14883 0.00333215 1.9103
14848 14883 0.00333215 1.92697
14847 14883 0.00333215 1.94363
14847 14883 0.00333215 1.9603
14847 14883 0.00333215 1.97697
14847 14883 0.00333215 1.99363
14847 14883 0.00333215 2.0103
14847 14883 0.00333215 2.02697
14847 14883 0.00333215 2.04363
14847 14883 0.00333215 2.0603
14846 14883 0.00333215 2.07697
14846 14883 0.00333215 2.09363
14846 14883 0.00333215 2.1103
14846 14883 0.00333215 2.12696
14846 14883 0.00333215 2.14363
14846 14883 0.00333215 2.1603
14846 14883 0.00333215 2.17696
14846 14883 0.00333215 2.19363
14846 14883 0.00333215 2.2103
14845 14883 0.00333215 2.22696
14845 14883 0.00333215 2.24363
14845 14883 0.00333215 2.2603
14845 14883 0.00333215 2.27696
14845 14883 0.00333215 2.29363
14845 14883 0.00333215 2.3103
14844 14883 0.00333215 2.32696
14843 14883 0.00333215 2.34363
14843 14883 0.00333215 2.36029
14843 14883 0.00333215 2.37696
14843 14883 0.00333215 2.39363
14843 14883 0.00333215 2.41029
14843 14883 0.00333215 2.42696
14843 14883 0.00333215 2.44363
14843 14883 0.00333215 2.46029
14843 14883 0.00333215 2.47696
14843 14883 0.00333215 2.49363
14843 14883 0.00333215 2.51029
14843 14883 0.00333215 2.52696
14843 14883 0.00333215 2.54362
14843 14883 0.00333215 2.56029
14843 14883 0.00333215 2.57696
14843 14883 0.00333215 2.59362
14843 14883 0.00333215 2.61029
14843 14883 0.00333215 2.62696
14843 14883 0.00333215 2.64362
14843 14883 0.00333215 2.66029
14843 14883 0.00333215 2.67696
14843 14883 0.00333215 2.69362
14843 14883 0.0066643 2.71029
14843 14883 0.00999645 2.72696
14843 14883 0.0133286 2.74362
14843 14883 0.0166607 2.76029
14843 14883 0.0199929 2.77695
14843 14883 0.023325 2.79362
14843 14883 0.0266572 2.81029
14843 14883 0.0299893 2.82695
14843 14883 0.0333215 2.84362
14843 14883 0.0366536 2.86029
14843 14883 0.0399858 2.87695
14842 14883 0.0433179 2.89362
14842 14883 0.0466501 2.91029
14842 14883 0.0499822 2.92695
14842 14883 0.0533144 2.94362
14842 14883 0.0566465 2.96029
14841 14883 0.0599787 2.97695
14841 14883 0.0633108 2.99362
14840 14883 0.066643 3.01028
14840 14883 0.0699751 3.02695
14840 14883 0.0733073 3.04362
14840 14883 0.0766395 3.06028
14840 14883 0.0799716 3.07695
14840 14883 0.0833038 3.09362
14840 14883 0.0866359 3.11028
14840 14883 0.0899681 3.12695
14840 14883 0.0933002 3.14362
14840 14883 0.0966324 3.16028
14840 14883 0.0999645 3.17695
14839 14883 0.103297 3.19361
14839 14883 0.106629 3.21028
14839 14883 0.109961 3.22695
14838 14883 0.113293 3.24361
14838 14883 0.116625 3.26028
14838 14883 0.119957 3.27695
14838 14883 0.12329 3.29361
14838 14883 0.126622 3.31028
14838 14883 0.129954 3.32695
14837 14883 0.133286 3.34361
14837 14883 0.136618 3.36028
14837 14883 0.13995 3.37695
14837 14883 0.143283 3.39361
14837 14883 0.146615 3.41028
14837 14883 0.149947 3.42694
14837 14883 0.153279 3.44361
14837 14883 0.156611 3.46028
14837 14883 0.159943 3.47694
14837 14883 0.163275 3.49361
14836 14883 0.166608 3.51028
14836 14883 0.16994 3.52694
14836 14883 0.173272 3.54361
14835 14883 0.176604 3.56028
14834 14883 0.179936 3.57694
14834 14883 0.183268 3.59361
14834 14883 0.1866 3.61028
14828 14883 0.189933 3.62694
14826 14883 0.193265 3.64361
14823 14883 0.196597 3.66027
14820 14883 0.199929 3.67694
14816 14883 0.203261 3.69361
14812 14883 0.206593 3.71027
14807 14883 0.209926 3.72694
14802 14883 0.213258 3.74361
14793 14883 0.21659 3.76027
14789 14883 0.219922 3.77694
14786 14883 0.223254 3.79361
14783 14883 0.226586 3.81027
14775 14883 0.229918 3.82694
14763 14883 0.233251 3.84361
14757 14883 0.236583 3.86027
14743 14883 0.239915 3.87694
14736 14883 0.243247 3.8936
14730 14883 0.246579 3.91027
14718 14883 0.249911 3.92694
14705 14883 0.253244 3.9436
14694 14883 0.256576 3.96027
14682 14883 0.259908 3.97694
14670 14883 0.26324 3.9936
14657 14883 0.266572 4.01027
14644 14883 0.269904 4.02694
14624 14883 0.273236 4.0436
14611 14883 0.276569 4.06027
14594 14883 0.279901 4.07693
14577 14883 0.283233 4.0936
14564 14883 0.286565 4.11027
14552 14883 0.289897 4.12693
14533 14883 0.293229 4.1436
14520 14883 0.296561 4.16027
14501 14883 0.299893 4.17693
14487 14883 0.303226 4.1936
14467 14883 0.306558 4.21027
14452 14883 0.30989 4.22693
14433 14883 0.313222 4.2436
14414 14883 0.316554 4.26027
14400 14883 0.319886 4.27693
14381 14883 0.323218 4.2936
14362 14883 0.326551 4.31026
14344 14883 0.329883 4.32693
14322 14883 0.333215 4.3436
14306 14883 0.336547 4.36026
14296 14883 0.339879 4.37693
14267 14883 0.343211 4.3936
14252 14883 0.346543 4.41026
14236 14883 0.349876 4.42693
14221 14883 0.353208 4.4436
14201 14883 0.35654 4.46026
14181 14883 0.359872 4.47693
14157 14883 0.363204 4.4936
14143 14883 0.366536 4.51026
14123 14883 0.369868 4.52693
14108 14883 0.373201 4.54359
14087 14883 0.376533 4.56026
14066 14883 0.379865 4.57693
14051 14883 0.383197 4.59359
14036 14883 0.386529 4.61026
14013 14883 0.389861 4.62693
13998 14883 0.393193 4.64359
13976 14883 0.396525 4.66026
13955 14883 0.399858 4.67693
13940 14883 0.40319 4.69359
13919 14883 0.406522 4.71026
13903 14883 0.409854 4.72692
13884 14883 0.413186 4.74359
13865 14883 0.416518 4.76026
13845 14883 0.41985 4.77692
13828 14883 0.423183 4.79359
13802 14883 0.426515 4.81026
13790 14883 0.429847 4.82692
13765 14883 0.433179 4.84359
13743 14883 0.436511 4.86026
13727 14883 0.439843 4.87692
13710 14883 0.443175 4.89359
13695 14883 0.446508 4.91026
13670 14883 0.44984 4.92692
13649 14883 0.453172 4.94359
13627 14883 0.456504 4.96025
13607 14883 0.459836 4.97692
13585 14883 0.463168 4.99359
13565 14883 0.4665 5.01025
13543 14883 0.469833 5.02692
13525 14883 0.473165 5.04359
13506 14883 0.476497 5.06025
13487 14883 0.479829 5.07692
13463 14883 0.483161 5.09359
13441 14883 0.486493 5.11025
13413 14883 0.489825 5.12692
13399 14883 0.493157 5.14359
13374 14883 0.49649 5.16025
13357 14883 0.499822 5.17692
13335 14883 0.503154 5.19358
13319 14883 0.506486 5.21025
13290 14883 0.509818 5.22692
13267 14883 0.51315 5.24358
13250 14883 0.516482 5.26025
13222 14883 0.519815 5.27692
13206 14883 0.523147 5.29358
13180 14883 0.526479 5.31025
13162 14883 0.529811 5.32692
13141 14883 0.533143 5.34358
13120 14883 0.536475 5.36025
13095 14883 0.539807 5.37691
13071 14883 0.54314 5.39358
13049 14883 0.546472 5.41025
13028 14883 0.549804 5.42691
13004 14883 0.553136 5.44358
12982 14883 0.556468 5.46025
12960 14883 0.5598 5.47691
12940 14883 0.563132 5.49358
12916 14883 0.566465 5.51025
12895 14883 0.569797 5.52691
12869 14883 0.573129 5.54358
12851 14883 0.576461 5.56025
12824 14883 0.579793 5.57691
12802 14883 0.583125 5.59358
12778 14883 0.586457 5.61024
12750 14883 0.58979 5.62691
12732 14883 0.593122 5.64358
12708 14883 0.596454 5.66024
12685 14883 0.599786 5.67691
12657 14883 0.603118 5.69358
12639 14883 0.60645 5.71024
12617 14883 0.609782 5.72691
12595 14883 0.613114 5.74358
12565 14883 0.616447 5.76024
12552 14883 0.619779 5.77691
12524 14883 0.623111 5.79358
12499 14883 0.626443 5.81024
12477 14883 0.629775 5.82691
12456 14883 0.633107 5.84357
12432 14883 0.636439 5.86024
12410 14883 0.639772 5.87691
12388 14883 0.643104 5.89357
12366 14883 0.646436 5.91024
12335 14883 0.649768 5.92691
12321 14883 0.6531 5.94357
12291 14883 0.656432 5.96024
12266 14883 0.659764 5.97691
12244 14883 0.663097 5.99357
12221 14883 0.666429 6.01024
12198 14883 0.669761 6.02691
12175 14883 0.673093 6.04357
12153 14883 0.676425 6.06024
12130 14883 0.679757 6.0769
12101 14883 0.683089 6.09357
12079 14883 0.686422 6.11024
12052 14883 0.689754 6.1269
12030 14883 0.693086 6.14357
12001 14883 0.696418 6.16024
11979 14883 0.69975 6.1769
11952 14883 0.703082 6.19357
11928 14883 0.706414 6.21024
11901 14883 0.709746 6.2269
11880 14883 0.713079 6.24357
11861 14883 0.716411 6.26023
11831 14883 0.719743 6.2769
11811 14883 0.723075 6.29357
11786 14883 0.726407 6.31023
11753 14883 0.729739 6.3269
11733 14883 0.733071 6.34357
11706 14883 0.736404 6.36023
11680 14883 0.739736 6.3769
11650 14883 0.743068 6.39357
11624 14883 0.7464 6.41023
11602 14883 0.749732 6.4269
11580 14883 0.753064 6.44357
11547 14883 0.756396 6.46023
11524 14883 0.759729 6.4769
11507 14883 0.763061 6.49356
11473 14883 0.766393 6.51023
11449 14883 0.769725 6.5269
11426 14883 0.773057 6.54356
11396 14883 0.776389 6.56023
11376 14883 0.779721 6.5769
11347 14883 0.783054 6.59356
11320 14883 0.786386 6.61023
11299 14883 0.789718 6.6269
11270 14883 0.79305 6.64356
11251 14883 0.796382 6.66023
11220 14883 0.799714 6.6769
11193 14883 0.803046 6.69356
11170 14883 0.806378 6.71023
11139 14883 0.809711 6.72689
11109 14883 0.813043 6.74356
11085 14883 0.816375 6.76023
11061 14883 0.819707 6.77689
11036 14883 0.823039 6.79356
11005 14883 0.826371 6.81023
10983 14883 0.829703 6.82689
10956 14883 0.833036 6.84356
10921 14883 0.836368 6.86023
10899 14883 0.8397 6.87689
10866 14883 0.843032 6.89356
10842 14883 0.846364 6.91022
10817 14883 0.849696 6.92689
10786 14883 0.853028 6.94356
10766 14883 0.856361 6.96022
10732 14883 0.859693 6.97689
10708 14883 0.863025 6.99356
10677 14883 0.866357 7.01022
10653 14883 0.869689 7.02689
10627 14883 0.873021 7.04356
10598 14883 0.876353 7.06022
10575 14883 0.879686 7.07689
10541 14883 0.883018 7.09356
10514 14883 0.88635 7.11022
10480 14883 0.889682 7.12689
10457 14883 0.893014 7.14355
10431 14883 0.896346 7.16022
10397 14883 0.899678 7.17689
10365 14883 0.90301 7.19355
10346 14883 0.906343 7.21022
10310 14883 0.909675 7.22689
10281 14883 0.913007 7.24355
10253 14883 0.916339 7.26022
10225 14883 0.919671 7.27689
10201 14883 0.923003 7.29355
10174 14883 0.926335 7.31022
10143 14883 0.929668 7.32689
10114 14883 0.933 7.34355
10082 14883 0.936332 7.36022
10052 14883 0.939664 7.37688
10031 14883 0.942996 7.39355
9997 14883 0.946328 7.41022
9965 14883 0.94966 7.42688
9937 14883 0.952993 7.44355
9911 14883 0.956325 7.46022
9880 14883 0.959657 7.47688
9846 14883 0.962989 7.49355
9811 14883 0.966321 7.51022
9788 14883 0.969653 7.52688
9752 14883 0.972985 7.54355
9719 14883 0.976318 7.56021
9686 14883 0.97965 7.57688
9653 14883 0.982982 7.59355
9631 14883 0.986314 7.61021
9592 14883 0.989646 7.62688
9566 14883 0.992978 7.64355
9529 14883 0.99631 7.66021
9499 14883 0.999642 7.67688
9468 14883 1.00297 7.69355
9432 14883 1.00631 7.71021
9407 14883 1.00964 7.72688
9368 14883 1.01297 7.74355
9338 14883 1.0163 7.76021
9304 14883 1.01964 7.77688
9269 14883 1.02297 7.79354
9238 14883 1.0263 7.81021
9201 14883 1.02963 7.82688
9170 14883 1.03296 7.84354
9136 14883 1.0363 7.86021
9103 14883 1.03963 7.87688
9074 14883 1.04296 7.89354
9034 14883 1.04629 7.91021
8999 14883 1.04962 7.92688
8963 14883 1.05296 7.94354
8930 14883 1.05629 7.96021
8901 14883 1.05962 7.97688
8862 14883 1.06295 7.99354
8830 14883 1.06629 8.01021
8797 14883 1.06962 8.02687
8766 14883 1.07295 8.04354
8723 14883 1.07628 8.06021
8694 14883 1.07961 8.07687
8657 14883 1.08295 8.09354
8625 14883 1.08628 8.11021
8583 14883 1.08961 8.12687
8547 14883 1.09294 8.14354
8513 14883 1.09627 8.16021
8469 14883 1.09961 8.17687
8446 14883 1.10294 8.19354
8402 14883 1.10627 8.21021
8369 14883 1.1096 8.22687
8332 14883 1.11294 8.24354
8296 14883 1.11627 8.2602
8260 14883 1.1196 8.27687
8217 14883 1.12293 8.29354
8182 14883 1.12626 8.3102
8149 14883 1.1296 8.32687
8110 14883 1.13293 8.34354
8071 14883 1.13626 8.3602
8036 14883 1.13959 8.37687
7993 14883 1.14292 8.39354
7959 14883 1.14626 8.4102
7918 14883 1.14959 8.42687
7877 14883 1.15292 8.44353
7843 14883 1.15625 8.4602
7802 14883 1.15959 8.47687
7759 14883 1.16292 8.49353
7725 14883 1.16625 8.5102
7687 14883 1.16958 8.52687
7645 14883 1.17291 8.54353
7601 14883 1.17625 8.5602
7567 14883 1.17958 8.57687
7529 14883 1.18291 8.59353
7481 14883 1.18624 8.6102
7439 14883 1.18957 8.62687
7397 14883 1.19291 8.64353
7360 14883 1.19624 8.6602
7320 14883 1.19957 8.67686
7282 14883 1.2029 8.69353
7237 14883 1.20624 8.7102
7191 14883 1.20957 8.72686
7150 14883 1.2129 8.74353
7108 14883 1.21623 8.7602
7064 14883 1.21956 8.77686
7024 14883 1.2229 8.79353
6981 14883 1.22623 8.8102
6931 14883 1.22956 8.82686
6886 14883 1.23289 8.84353
6847 14883 1.23622 8.8602
6807 14883 1.23956 8.87686
6759 14883 1.24289 8.89353
6715 14883 1.24622 8.91019
6669 14883 1.24955 8.92686
6631 14883 1.25288 8.94353
6586 14883 1.25622 8.96019
6548 14883 1.25955 8.97686
6500 14883 1.26288 8.99353
6458 14883 1.26621 9.01019
6412 14883 1.26955 9.02686
6363 14883 1.27288 9.04353
6315 14883 1.27621 9.06019
6267 14883 1.27954 9.07686
6235 14883 1.28287 9.09352
6186 14883 1.28621 9.11019
6140 14883 1.28954 9.12686
6094 14883 1.29287 9.14352
6045 14883 1.2962 9.16019
5999 14883 1.29953 9.17686
5961 14883 1.30287 9.19352
5913 14883 1.3062 9.21019
5873 14883 1.30953 9.22686
5831 14883 1.31286 9.24352
5783 14883 1.3162 9.26019
5734 14883 1.31953 9.27686
5693 14883 1.32286 9.29352
5650 14883 1.32619 9.31019
5599 14883 1.32952 9.32685
5551 14883 1.33286 9.34352
5504 14883 1.33619 9.36019
5456 14883 1.33952 9.37685
5421 14883 1.34285 9.39352
5368 14883 1.34618 9.41019
5325 14883 1.34952 9.42685
5283 14883 1.35285 9.44352
5236 14883 1.35618 9.46019
5195 14883 1.35951 9.47685
5151 14883 1.36285 9.49352
5102 14883 1.36618 9.51019
5061 14883 1.36951 9.52685
5016 14883 1.37284 9.54352
4974 14883 1.37617 9.56018
4929 14883 1.37951 9.57685
4877 14883 1.38284 9.59352
4835 14883 1.38617 9.61018
4789 14883 1.3895 9.62685
4746 14883 1.39283 9.64352
4698 14883 1.39617 9.66018
4659 14883 1.3995 9.67685
4615 14883 1.40283 9.69352
4567 14883 1.40616 9.71018
4524 14883 1.4095 9.72685
4481 14883 1.41283 9.74352
4436 14883 1.41616 9.76018
4394 14883 1.41949 9.77685
4346 14883 1.42282 9.79351
4308 14883 1.42616 9.81018
4262 14883 1.42949 9.82685
4224 14883 1.43282 9.84351
4181 14883 1.43615 9.86018
4137 14883 1.43948 9.87685
4093 14883 1.44282 9.89351
4047 14883 1.44615 9.91018
4002 14883 1.44948 9.92685
3966 14883 1.45281 9.94351
3932 14883 1.45615 9.96018
3886 14883 1.45948 9.97684
3842 14883 1.46281 9.99351
3805 14883 1.46614 10.0102
3756 14883 1.46947 10.0268
3709 14883 1.47281 10.0435
3680 14883 1.47614 10.0602
3641 14883 1.47947 10.0768
3596 14883 1.4828 10.0935
3559 14883 1.48613 10.1102
3519 14883 1.48947 10.1268
3478 14883 1.4928 10.1435
3439 14883 1.49613 10.1602
3399 14883 1.49946 10.1768
3359 14883 1.5028 10.1935
3323 14883 1.50613 10.2102
3283 14883 1.50946 10.2268
3244 14883 1.51279 10.2435
3204 14883 1.51612 10.2602
3165 14883 1.51946 10.2768
3128 14883 1.52279 10.2935
3091 14883 1.52612 10.3102
3052 14883 1.52945 10.3268
3012 14883 1.53278 10.3435
2973 14883 1.53612 10.3602
2939 14883 1.53945 10.3768
2900 14883 1.54278 10.3935
2869 14883 1.54611 10.4102
2822 14883 1.54945 10.4268
2793 14883 1.55278 10.4435
2751 14883 1.55611 10.4602
2717 14883 1.55944 10.4768
2679 14883 1.56277 10.4935
2639 14883 1.56611 10.5102
2604 14883 1.56944 10.5268
2564 14883 1.57277 10.5435
2535 14883 1.5761 10.5602
2498 14883 1.57943 10.5768
2463 14883 1.58277 10.5935
2430 14883 1.5861 10.6102
2395 14883 1.58943 10.6268
2360 14883 1.59276 10.6435
2326 14883 1.5961 10.6602
2289 14883 1.59943 10.6768
2256 14883 1.60276 10.6935
2219 14883 1.60609 10.7102
2186 14883 1.60942 10.7268
2148 14883 1.61276 10.7435
2113 14883 1.61609 10.7602
2083 14883 1.61942 10.7768
2042 14883 1.62275 10.7935
2012 14883 1.62608 10.8102
1980 14883 1.62942 10.8268
1941 14883 1.63275 10.8435
1908 14883 1.63608 10.8602
1875 14883 1.63941 10.8768
1840 14883 1.64275 10.8935
1806 14883 1.64608 10.9102
1770 14883 1.64941 10.9268
1737 14883 1.65274 10.9435
1702 14883 1.65607 10.9602
1666 14883 1.65941 10.9768
1634 14883 1.66274 10.9935
1603 14883 1.66607 11.0102
1564 14883 1.6694 11.0268
1536 14883 1.67273 11.0435
1501 14883 1.67607 11.0602
1470 14883 1.6794 11.0768
1437 14883 1.68273 11.0935
1401 14883 1.68606 11.1102
1372 14883 1.6894 11.1268
1335 14883 1.69273 11.1435
1312 14883 1.69606 11.1602
1278 14883 1.69939 11.1768
1238 14883 1.70272 11.1935
1218 14883 1.70606 11.2102
1181 14883 1.70939 11.2268
1153 14883 1.71272 11.2435
1123 14883 1.71605 11.2602
1089 14883 1.71938 11.2768
1066 14883 1.72272 11.2935
1033 14883 1.72605 11.3102
1000 14883 1.72938 11.3268
978 14883 1.73271 11.3435
949 14883 1.73605 11.3602
920 14883 1.73938 11.3768
894 14883 1.74271 11.3935
870 14883 1.74604 11.4102
846 14883 1.74937 11.4268
816 14883 1.75271 11.4435
798 14883 1.75604 11.4602
767 14883 1.75937 11.4768
745 14883 1.7627 11.4935
724 14883 1.76603 11.5102
699 14883 1.76937 11.5268
672 14883 1.7727 11.5435
650 14883 1.77603 11.5602
632 14883 1.77936 11.5768
608 14883 1.78269 11.5935
587 14883 1.78603 11.6102
570 14883 1.78936 11.6268
549 14883 1.79269 11.6435
528 14883 1.79602 11.6602
511 14883 1.79936 11.6768
494 14883 1.80269 11.6935
475 14883 1.80602 11.7102
456 14883 1.80935 11.7268
441 14883 1.81268 11.7435
424 14883 1.81602 11.7602
407 14883 1.81935 11.7768
391 14883 1.82268 11.7935
376 14883 1.82601 11.8102
362 14883 1.82934 11.8268
345 14883 1.83268 11.8435
332 14883 1.83601 11.8601
318 14883 1.83934 11.8768
306 14883 1.84267 11.8935
291 14883 1.84601 11.9101
280 14883 1.84934 11.9268
267 14883 1.85267 11.9435
255 14883 1.856 11.9601
243 14883 1.85933 11.9768
233 14883 1.86267 11.9935
221 14883 1.866 12.0101
212 14883 1.86933 12.0268
202 14883 1.87266 12.0435
190 14883 1.87599 12.0601
179 14883 1.87933 12.0768
169 14883 1.88266 12.0935
159 14883 1.88599 12.1101
152 14883 1.88932 12.1268
141 14883 1.89266 12.1435
131 14883 1.89599 12.1601
123 14883 1.89932 12.1768
116 14883 1.90265 12.1935
109 14883 1.90598 12.2101
101 14883 1.90932 12.2268
94 14883 1.91265 12.2435
86 14883 1.91598 12.2601
79 14883 1.91931 12.2768
72 14883 1.92264 12.2935
64 14883 1.92598 12.3101
57 14883 1.92931 12.3268
53 14883 1.93264 12.3435
46 14883 1.93597 12.3601
39 14883 1.93931 12.3768
36 14883 1.94264 12.3935
32 14883 1.94597 12.4101
28 14883 1.9493 12.4268
24 14883 1.95263 12.4435
20 14883 1.95597 12.4601
16 14883 1.9593 12.4768
15 14883 1.96263 12.4935
11 14883 1.96596 12.5101
11 14883 1.96929 12.5268
7 14883 1.97263 12.5435
6 14883 1.97596 12.5601
4 14883 1.97929 12.5768
3 14883 1.98262 12.5935
0 14883 1.98596 12.6101
0 14883 1.98929 12.6268
0 14883 1.99262 12.6435
0 14883 1.99595 12.6601
0 14883 1.99928 12.6768
0 14883 2.00262 12.6935
0 14883 2.00595 12.7101
0 14883 2.00928 12.7268
0 14883 2.01261 12.7435
0 14883 2.01594 12.7601
0 14883 2.01928 12.7768
0 14883 2.02261 12.7935
0 14883 2.02594 12.8101
0 14883 2.02927 12.8268
0 14883 2.03261 12.8435
0 14883 2.03594 12.8601
0 14883 2.03927 12.8768
0 14883 2.0426 12.8935
0 14883 2.04593 12.9101
0 14883 2.04927 12.9268
0 14883 2.0526 12.9435
0 14883 2.05593 12.9601
0 14883 2.05926 12.9768
0 14883 2.06259 12.9935
0 14883 2.06593 13.0101
0 14883 2.06926 13.0268
0 14883 2.07259 13.0435
0 14883 2.07592 13.0601
0 14883 2.07926 13.0768
0 14883 2.08259 13.0935
0 14883 2.08592 13.1101
0 14883 2.08925 13.1268
0 14883 2.09258 13.1435
0 14883 2.09592 13.1601
0 14883 2.09925 13.1768
0 14883 2.10258 13.1935
0 14883 2.10591 13.2101
0 14883 2.10924 13.2268
0 14883 2.11258 13.2435
0 14883 2.11591 13.2601
0 14883 2.11924 13.2768
0 14883 2.12257 13.2935
0 14883 2.12591 13.3101
0 14883 2.12924 13.3268
0 14883 2.13257 13.3435
0 14883 2.1359 13.3601
0 14883 2.13923 13.3768
0 14883 2.14257 13.3935
0 14883 2.1459 13.4101
0 14883 2.14923 13.4268
0 14883 2.15256 13.4435
0 14883 2.15589 13.4601
0 14883 2.15923 13.4768
0 14883 2.16256 13.4935
0 14883 2.16589 13.5101
0 14883 2.16922 13.5268
0 14883 2.17256 13.5435
0 14883 2.17589 13.5601
0 14883 2.17922 13.5768
0 14883 2.18255 13.5935
0 14883 2.18588 13.6101
0 14883 2.18922 13.6268
0 14883 2.19255 13.6435
0 14883 2.19588 13.6601
0 14883 2.19921 13.6768
0 14883 2.20254 13.6935
0 14883 2.20588 13.7101
0 14883 2.20921 13.7268
0 14883 2.21254 13.7435
0 14883 2.21587 13.7601
0 14883 2.21921 13.7768
0 14883 2.22254 13.7935
0 14883 2.22587 13.8101
0 14883 2.2292 13.8268
0 14883 2.23253 13.8435
0 14883 2.23587 13.8601
0 14883 2.2392 13.8768
0 14883 2.24253 13.8935
0 14883 2.24586 13.9101
0 14883 2.24919 13.9268
0 14883 2.25253 13.9435
0 14883 2.25586 13.9601
0 14883 2.25919 13.9768
0 14883 2.26252 13.9935
0 14883 2.26586 14.0101
0 14883 2.26919 14.0268
0 14883 2.27252 14.0434
0 14883 2.27585 14.0601
0 14883 2.27918 14.0768
0 14883 2.28252 14.0934
0 14883 2.28585 14.1101
0 14883 2.28918 14.1268
0 14883 2.29251 14.1434
0 14883 2.29584 14.1601
0 14883 2.29918 14.1768
0 14883 2.30251 14.1934
0 14883 2.30584 14.2101
0 14883 2.30917 14.2268
0 14883 2.31251 14.2434
0 14883 2.31584 14.2601
0 14883 2.31917 14.2768
0 14883 2.3225 14.2934
0 14883 2.32583 14.3101
0 14883 2.32917 14.3268
0 14883 2.3325 14.3434
0 14883 2.33583 14.3601
0 14883 2.33916 14.3768
0 14883 2.34249 14.3934
0 14883 2.34583 14.4101
0 14883 2.34916 14.4268
0 14883 2.35249 14.4434
0 14883 2.35582 14.4601
0 14883 2.35915 14.4768
0 14883 2.36249 14.4934
0 14883 2.36582 14.5101
0 14883 2.36915 14.5268
0 14883 2.37248 14.5434
0 14883 2.37582 14.5601
0 14883 2.37915 14.5768
0 14883 2.38248 14.5934
0 14883 2.38581 14.6101
0 14883 2.38914 14.6268
0 14883 2.39248 14.6434
0 14883 2.39581 14.6601
0 14883 2.39914 14.6768
0 14883 2.40247 14.6934
0 14883 2.4058 14.7101
0 14883 2.40914 14.7268
0 14883 2.41247 14.7434
0 14883 2.4158 14.7601
0 14883 2.41913 14.7768
0 14883 2.42247 14.7934
0 14883 2.4258 14.8101
0 14883 2.42913 14.8268
0 14883 2.43246 14.8434
0 14883 2.43579 14.8601
0 14883 2.43913 14.8768
0 14883 2.44246 14.8934
0 14883 2.44579 14.9101
0 14883 2.44912 14.9268
0 14883 2.45245 14.9434
0 14883 2.45579 14.9601
0 14883 2.45912 14.9768
0 14883 2.46245 14.9934
0 14883 2.46578 15.0101
0 14883 2.46912 15.0268
0 14883 2.47245 15.0434
0 14883 2.47578 15.0601
0 14883 2.47911 15.0768
0 14883 2.48244 15.0934
0 14883 2.48578 15.1101
0 14883 2.48911 15.1268
0 14883 2.49244 15.1434
0 14883 2.49577 15.1601
0 14883 2.4991 15.1768
0 14883 2.50244 15.1934
0 14883 2.50577 15.2101
0 14883 2.5091 15.2268
0 14883 2.51243 15.2434
0 14883 2.51577 15.2601
0 14883 2.5191 15.2768
0 14883 2.52243 15.2934
0 14883 2.52576 15.3101
0 14883 2.52909 15.3268
0 14883 2.53243 15.3434
0 14883 2.53576 15.3601
0 14883 2.53909 15.3768
0 14883 2.54242 15.3934
0 14883 2.54575 15.4101
0 14883 2.54909 15.4268
0 14883 2.55242 15.4434
0 14883 2.55575 15.4601
0 14883 2.55908 15.4768
0 14883 2.56242 15.4934
0 14883 2.56575 15.5101
0 14883 2.56908 15.5268
0 14883 2.57241 15.5434
0 14883 2.57574 15.5601
0 14883 2.57908 15.5768
0 14883 2.58241 15.5934
0 14883 2.58574 15.6101
0 14883 2.58907 15.6268
0 14883 2.5924 15.6434
0 14883 2.59574 15.6601
0 14883 2.59907 15.6768
0 14883 2.6024 15.6934
0 14883 2.60573 15.7101
0 14883 2.60907 15.7268
0 14883 2.6124 15.7434
0 14883 2.61573 15.7601
0 14883 2.61906 15.7768
0 14883 2.62239 15.7934
0 14883 2.62573 15.8101
0 14883 2.62906 15.8268
0 14883 2.63239 15.8434
0 14883 2.63572 15.8601
0 14883 2.63905 15.8768
0 14883 2.64239 15.8934
0 14883 2.64572 15.9101
0 14883 2.64905 15.9268
0 14883 2.65238 15.9434
0 14883 2.65572 15.9601
0 14883 2.65905 15.9768
0 14883 2.66238 15.9934
0 14883 2.66571 16.0101
0 14883 2.66904 16.0268
0 14883 2.67238 16.0434
0 14883 2.67571 16.0601
0 14883 2.67904 16.0768
0 14883 2.68237 16.0934
0 14883 2.6857 16.1101
0 14883 2.68904 16.1268
0 14883 2.69237 16.1434
0 14883 2.6957 16.1601
0 14883 2.69903 16.1768
0 14883 2.70237 16.1934
0 14883 2.7057 16.2101
0 14883 2.70903 16.2267
0 14883 2.71236 16.2434
0 14883 2.71569 16.2601
0 14883 2.71903 16.2767
0 14883 2.72236 16.2934
0 14883 2.72569 16.3101
0 14883 2.72902 16.3267
0 14883 2.73235 16.3434
0 14883 2.73569 16.3601
0 14883 2.73902 16.3767
0 14883 2.74235 16.3934
0 14883 2.74568 16.4101
0 14883 2.74902 16.4267
0 14883 2.75235 16.4434
0 14883 2.75568 16.4601
0 14883 2.75901 16.4767
0 14883 2.76234 16.4934
0 14883 2.76568 16.5101
0 14883 2.76901 16.5267
0 14883 2.77234 16.5434
0 14883 2.77567 16.5601
0 14883 2.779 16.5767
0 14883 2.78234 16.5934
0 14883 2.78567 16.6101
0 14883 2.789 16.6267
0 14883 2.79233 16.6434
0 14883 2.79567 16.6601
0 14883 2.799 16.6767
0 14883 2.80233 16.6934
0 14883 2.80566 16.7101
0 14883 2.80899 16.7267
0 14883 2.81233 16.7434
0 14883 2.81566 16.7601
0 14883 2.81899 16.7767
0 14883 2.82232 16.7934
0 14883 2.82565 16.8101
0 14883 2.82899 16.8267
0 14883 2.83232 16.8434
0 14883 2.83565 16.8601
0 14883 2.83898 16.8767
0 14883 2.84231 16.8934
0 14883 2.84565 16.9101
0 14883 2.84898 16.9267
0 14883 2.85231 16.9434
0 14883 2.85564 16.9601
0 14883 2.85898 16.9767
0 14883 2.86231 16.9934
0 14883 2.86564 17.0101
0 14883 2.86897 17.0267
0 14883 2.8723 17.0434
0 14883 2.87564 17.0601
0 14883 2.87897 17.0767
0 14883 2.8823 17.0934
0 14883 2.88563 17.1101
0 14883 2.88896 17.1267
0 14883 2.8923 17.1434
0 14883 2.89563 17.1601
0 14883 2.89896 17.1767
0 14883 2.90229 17.1934
0 14883 2.90563 17.2101
0 14883 2.90896 17.2267
0 14883 2.91229 17.2434
0 14883 2.91562 17.2601
0 14883 2.91895 17.2767
0 14883 2.92229 17.2934
0 14883 2.92562 17.3101
0 14883 2.92895 17.3267
0 14883 2.93228 17.3434
0 14883 2.93561 17.3601
0 14883 2.93895 17.3767
0 14883 2.94228 17.3934
0 14883 2.94561 17.4101
0 14883 2.94894 17.4267
0 14883 2.95228 17.4434
0 14883 2.95561 17.4601
0 14883 2.95894 17.4767
0 14883 2.96227 17.4934
0 14883 2.9656 17.5101
0 14883 2.96894 17.5267
0 14883 2.97227 17.5434
0 14883 2.9756 17.5601
0 14883 2.97893 17.5767
0 14883 2.98226 17.5934
0 14883 2.9856 17.6101
0 14883 2.98893 17.6267
0 14883 2.99226 17.6434
0 14883 2.99559 17.6601
0 14883 2.99893 17.6767
